time: 2016-07-05 12:35:04.869546Z
time: 2016-07-05 12:35:04.869674Z
